0011000000000000 
0011000000000000
0011000000000000
0011000000000000
0011000000000000
0011000000000000
0011000000000000
0011000000000000
0011000000000000
0011000000000000
0011000000000000
0011000000000000
0011000000000000
0011000000000000
0011000000000000
0011000000000000
0011000000000000
0011000000000000
0011000000000000
0011000000000000
0011000000000000 
0000000000110000
0000000000110000
0000000000110000
0000000000110000
0000000000110000
0000000000110000
0000000000110000
0000000000110000
0000000000110000
0000000000110000
0000000000110000
0000000000110000
0000000000110000 
0000000001101000
0000000001100101
0000000001101100
0000000001101100
0000000001101111 
0000000000000000 
0000000001101111
0000000001101100
0000000001101100
0000000001100101
0000000001101000 
0000000000000000 
0001001010111111 
0001011110000001 
0000000111111111 
0000100111111110 
0000010111111101 
0000001111111100 
0000110111111011 
0000101111111010 
0000011111111001 
0000101111111000 
0000111111110111 
0010001111110110 
0110001010110101 
0011001111110100 
 
